%  Matlab mesh
% delam_1_edge1_1, Created by Gmsh
% ASCII
clear msh;
msh.nbNod = 144;
msh.POS = [
0.255 0.25 0;
-0.01000001813798816 0.01732049760370376 0;
0.01109400856811726 1.335737076502141e-16 0;
0.25 0.25 0;
0.2543301270189222 0.2525 0;
0.2525 0.2543301270189222 0;
0.25 0.255 0;
0.2475 0.2543301270189222 0;
0.2456698729810778 0.2525 0;
0.245 0.25 0;
0.2456698729810778 0.2475 0;
0.2475 0.2456698729810778 0;
0.2500000000000001 0.245 -0;
0.2525 0.2456698729810778 -0;
0.2543301270189222 0.2475 -0;
-0.01194853812652687 0.01535791701409861 0;
-0.01293797762326362 0.01275645560441302 0;
-0.01322801315593477 0.009980631441482403 0;
-0.01304775804640111 0.007193003106191795 0;
-0.01252872550154821 0.00444722375067833 0;
-0.01174593781586626 0.001764257028900523 0;
-0.0107440471267343 -0.0008450405131266514 0;
-0.009550205650644763 -0.003372394442945834 0;
-0.008180442418002528 -0.005808932667922434 0;
-0.00664285804122742 -0.008143179319637265 0;
-0.004939101914922946 -0.01035895576020268 0;
-0.003064781986668846 -0.01243222813391887 0;
-0.001009163443190033 -0.01432540254576281 0;
0.001245170091523725 -0.01597574400572915 0;
0.003719339680317376 -0.01726961083494402 0;
0.006413069710486984 -0.01798369522181487 0;
0.009170784054845508 -0.01770351255567362 0;
0.01142246493146719 -0.0161051355531872 0;
0.01270570069081345 -0.01364081769198542 0;
0.01319365575647926 -0.01089452397711819 0;
0.01314892350306707 -0.008101989405061641 0;
0.01273042463886687 -0.005339329184516157 0;
0.01202788533744141 -0.002634350012930576 0;
0.009336173009275143 0.001443374800308769 0;
0.007578337450433027 0.002886749600617404 0;
0.005820501891590909 0.004330124400926038 0;
0.004062666332748793 0.005773499201234673 0;
0.002304830773906677 0.007216874001543308 0;
0.0005469952150645597 0.008660248801851943 0;
-0.001210840343777556 0.01010362360216058 0;
-0.00296867590261967 0.01154699840246921 0;
-0.004726511461461785 0.01299037320277784 0;
-0.006484347020303899 0.01443374800308648 0;
-0.00824218257914603 0.01587712280339512 0;
0.24875 0.2521650635094611 0;
0.2525 0.25 0;
0.2515400635094611 0.2526674682452694 0;
0.24875 0.2478349364905389 0;
0.2515400635094611 0.2473325317547306 0;
0.2469198729810778 0.25 0;
0.002994270835858759 0.001494397615904185 0;
0.002073898329571618 -0.01150176859209835 0;
-0.004218462321318481 0.007238314646042609 0;
-0.004017132251958974 -0.003671606173624281 0;
0.007233504504401915 -0.003904639477206717 0;
0.007857421821782984 -0.01198613219031074 0;
-0.008069953329992578 0.00993390280557532 0;
-0.000615648884754389 0.00448518072525424 0;
-0.005745696338017645 0.003175404356248903 0;
-0.009206722083912107 0.005765409043404644 0;
-0.0001375506953992589 -0.006401985385018309 0;
0.001822084625931493 -0.002023256139082803 0;
-0.002104230281960013 0.000473264125233991 0;
0.003825307770178062 -0.008524880046479517 0;
0.009316091856841839 -0.006895422032568389 0;
0.005860567085223451 0.000501635983799013 0;
-0.007273807824705124 -0.0005423155622815155 0;
0.003305383327851033 -0.01311774186609393 0;
-0.01047632994988918 0.003764833036152584 0;
-0.01112724006515661 0.006479206074798219 0;
-0.008412006737674943 -0.001957355002613675 0;
-0.009509872820285693 0.0006109707333095036 0;
-0.0105039654766281 0.01134517920499417 0;
-0.007277150175148238 0.0121838254043309 0;
-0.009612844150837555 0.01377087120921476 0;
-0.003593569111969076 0.009392656524255909 0;
-0.006144207825655529 0.008586108725808964 0;
-0.005435359643558657 0.0107882409642934 0;
0.006547035794812683 -0.001701501746703852 0;
0.004427418960541105 0.000998016799851599 0;
0.002408177730895126 -0.0002644292615893089 0;
0.004527794565166704 -0.00296394780814476 0;
0.004477606762853905 -0.0009829655041465805 0;
0.0008422669652661172 -0.004212620762050556 0;
0.001843878537389401 -0.007463432715748912 0;
0.005529406137289988 -0.006214759761843117 0;
0.003185836551278053 -0.005213690261946836 0;
0.01052553878913112 -0.01144032808371446 0;
0.007135245766134984 -0.0149849137060628 0;
0.01004698159540843 -0.01464241428311041 0;
-3.432683484491466e-05 0.006572714763553091 0;
0.001189310975552185 0.002989789170579212 0;
0.003528468584303776 0.003633948408569429 0;
0.001747070874729431 0.005103331586061261 0;
-0.002417055603036435 0.005861747685648424 0;
-0.001813947973406995 0.007982685643904499 0;
-0.008638337706952343 0.007849655924489982 0;
-0.01093317543144355 0.008915143682986192 0;
-0.005645470038332049 -0.002106960867952899 0;
-0.003060681266959494 -0.001599171024195145 0;
-0.003924963309988829 0.001824334240741447 0;
-0.006509752081361384 0.001316544396983694 0;
-0.004785216674160439 -0.0001413133136057256 0;
-0.005329995146593196 -0.005907392746630773 0;
-0.006912956228167288 -0.003957946767937666 0;
-0.001601166341034052 -0.00941710675946859 0;
-0.002077341473679117 -0.005036795779321295 0;
-0.003508221694301031 -0.007697875769761988 0;
-0.0004954418285486139 -0.01196699836300861 0;
0.00294960304987484 -0.01001332431928893 0;
0.0006742183544203937 -0.009715215539378761 0;
0.009163756536259587 -0.001952319738603292 0;
0.00671945226782824 0.001694192792208208 0;
0.007941604402043913 -0.0001290634731975417 0;
0.002689640828711325 -0.01230975522909614 0;
0.005581402574817008 -0.01255193702820234 0;
0.005841364795980523 -0.01025550611839513 0;
0.004265502812345924 -0.01128263067374563 0;
-0.007476209210964876 0.004470406699826773 0;
-0.004982079329668062 0.005206859501145756 0;
-0.006810208518310202 0.006528257712817868 0;
-0.001359939583357201 0.002479222425244115 0;
-0.0001410728280142598 -0.0007749960069244058 0;
0.0005241190737689625 0.001107396581827403 0;
0.01102325824785435 -0.006117375608542273 0;
0.008586756839312412 -0.009440777111439563 0;
0.01086784017118974 -0.008771383258250602 0;
-0.001109207150846688 -0.002905895893122851 0;
0.002275276709687379 -0.01454674293591154 0;
0.0008402386927606463 -0.01331757888742948 0;
-0.008493041015625286 0.002540688716568139 0;
-0.003171009456512632 0.003843040963194935 0;
0.008274798180621877 -0.005400030754887553 0;
0.007058081488301201 -0.00782776843664134 0;
0.004650371127567192 -0.01491077393157317 0;
0.01015134175903164 -0.004017190383909065 0;
0.005123960426066007 0.002664070600388819 0;
-0.01135545224379558 0.004902322006687682 0;
-0.009539312995985181 -0.0007236462931262749 0;
];
msh.MAX = max(msh.POS);
msh.MIN = min(msh.POS);
msh.QUADS =[
 1 5 52 51 1
 5 6 7 52 1
 52 7 8 50 1
 51 52 50 4 1
 1 51 54 15 1
 51 4 53 54 1
 54 53 12 13 1
 15 54 13 14 1
 8 9 55 50 1
 9 10 11 55 1
 55 11 12 53 1
 50 55 53 4 1
 2 16 80 49 2
 16 17 78 80 2
 80 78 62 79 2
 49 80 79 48 2
 58 81 83 82 2
 81 46 47 83 2
 83 47 48 79 2
 82 83 79 62 2
 60 84 88 87 2
 84 71 85 88 2
 88 85 56 86 2
 87 88 86 67 2
 60 87 92 91 2
 87 67 89 92 2
 92 89 66 90 2
 91 92 90 69 2
 31 32 95 94 2
 32 33 34 95 2
 95 34 35 93 2
 94 95 93 61 2
 44 96 99 43 2
 96 63 97 99 2
 99 97 56 98 2
 43 99 98 42 2
 46 81 101 45 2
 81 58 100 101 2
 101 100 63 96 2
 45 101 96 44 2
 17 18 103 78 2
 18 19 75 103 2
 103 75 65 102 2
 78 103 102 62 2
 72 104 108 107 2
 104 59 105 108 2
 108 105 68 106 2
 107 108 106 64 2
 25 109 110 24 2
 109 59 104 110 2
 110 104 72 76 2
 24 110 76 23 2
 59 109 113 112 2
 109 25 26 113 2
 113 26 27 111 2
 112 113 111 66 2
 69 90 116 115 2
 90 66 111 116 2
 116 111 27 114 2
 115 116 114 57 2
 60 117 119 84 2
 117 3 39 119 2
 119 39 40 118 2
 84 119 118 71 2
 69 115 123 122 2
 115 57 120 123 2
 123 120 73 121 2
 122 123 121 61 2
 62 102 126 82 2
 102 65 124 126 2
 126 124 64 125 2
 82 126 125 58 2
 67 86 129 128 2
 86 56 97 129 2
 129 97 63 127 2
 128 129 127 68 2
 37 130 132 36 2
 130 70 131 132 2
 132 131 61 93 2
 36 132 93 35 2
 66 89 133 112 2
 89 67 128 133 2
 133 128 68 105 2
 112 133 105 59 2
 27 28 135 114 2
 28 29 134 135 2
 135 134 73 120 2
 114 135 120 57 2
 21 77 136 74 2
 77 72 107 136 2
 136 107 64 124 2
 74 136 124 65 2
 58 125 137 100 2
 125 64 106 137 2
 137 106 68 127 2
 100 137 127 63 2
 61 131 139 122 2
 131 70 138 139 2
 139 138 60 91 2
 122 139 91 69 2
 61 121 140 94 2
 121 73 134 140 2
 140 134 29 30 2
 94 140 30 31 2
 3 117 141 38 2
 117 60 138 141 2
 141 138 70 130 2
 38 141 130 37 2
 42 98 142 41 2
 98 56 85 142 2
 142 85 71 118 2
 41 142 118 40 2
 21 74 143 20 2
 74 65 75 143 2
 20 143 75 19 2
 23 76 144 22 2
 76 72 77 144 2
 22 144 77 21 2
];
